Z1   20
Z2   92
e             1.2 
A1   42
A2   236
k             0.024                  

Element1   Ca
Element2   U
reaction   42Ca+U236
beta1   0.247
beta2   0.282
m1   -38547.2
m2   42446.5

Q   8.56345
E2   1.525
A1_new          nan
A2_new          nan
m1_new          nan
m2_new          nan
beta1_new       nan
beta2_new       nan
d1_new          nan
d2_new          nan
Element1_new    nan
Element2_new    nan
reaction_new    nan
is_Q2_channel   yes


d1   0.55
d2   0.56

r0      1.150 
ro0     0.17  

gamma   24.0
lambda           nan
epsilon          nan
T                0.7                
tlim             6.0                
q0               nan
p0               nan
Lp               2.0015             
omega   3.28696
rrbarer          0.5
rrS              1.1

//potential for L=0:

//potential properties:

Lmax            70
xMin       11.6491
xBar       12.7831
UMin       188.588
UBar       191.859

sigma_d          nan


val_A_1   22Ne+238U
val_D_3   -0.10
val_E_1   0.00001
val_E_2   30.0
val_E_3   0.001
val_E_4   0.00001
val_F_1   34
val_G_1   1
val_G_2   1
val_H_1   0.000
val_H_2   3.140
val_H_3   0.0000
val_H_4   0.0000
val_H_5   0.001
val_I_1   0.00
val_I_2   0.00
val_I_3   0.
val_J_1   0.440
val_J_2   3.00
val_J_3   0.450
val_K_1   300.00
val_K_2   0.09
val_K_3   0.42
val_K_4   -2.59
val_K_5   0.54
val_L_1   0.55
val_L_2   0.99
val_L_3   0.56
val_L_4   1.00
val_M_1   0.59
val_M_2   1.02
val_M_3   0.60
val_M_4   1.11
val_N_1   HEU.DAT





HEU.DAT  /home/u178766/intel-robotru/www/external/www5//conf/HEU.DAT
R         10.6        10.8          11        11.2        11.4        11.6        11.8          12        12.2        12.4        12.6        12.8          13        13.2        13.4        13.6        13.8          14        14.2        14.4        14.6        14.8          15        15.2        15.4        15.6        15.8          16        16.2        16.4        16.6        16.8          17        17.2        17.4        17.6        17.8          18        18.2        18.4        18.6        18.8          19        19.2        19.4        19.6        19.8          20        20.2        20.4        20.6        20.8          21        21.2        21.4        21.6        21.8          22        22.2        22.4        22.6        22.8          23        23.2        23.4        23.6        23.8          24        24.2        24.4        24.6        24.8          25        25.2        25.4        25.6        25.8          26        26.2        26.4        26.6        26.8          27        27.2        27.4        27.6        27.8          28        28.2        28.4        28.6        28.8          29     29.2001     29.4001     29.6001     29.8001     30.0001     30.2001     30.4001     30.6001     30.8001     31.0001     31.2001     31.4001
En     217.466     205.097     196.903     191.974     189.462     188.616     188.806     189.529      190.41     191.189       191.7     191.858     191.631      191.03     190.087     188.846      187.36     185.677     183.844       181.9     179.879      177.81     175.716     173.614     171.518     169.483     167.425     165.398     163.405     161.449     159.531     157.652     155.812     154.012      152.25     150.526      148.84     147.189     145.574     143.994     142.447     140.933      139.45     137.998     136.576     135.183     133.817     132.479     131.168     129.882     128.621     127.384     126.171     124.981     123.813     122.666     121.541     120.436     119.351     118.285     117.239      116.21       115.2     114.207     113.231     112.271     111.328       110.4     109.487      108.59     107.707     106.838     105.984     105.143     104.315       103.5     102.698     101.907      101.13     100.363     99.6088     98.8655     98.1331     97.4116     96.7005     95.9998     95.3092     94.6284     93.9572     93.2956     92.6432     91.9998     91.3653     90.7395     90.1222     89.5133     88.9125     88.3198     87.7349     87.1577      86.588     86.0258     85.4708     84.9229      84.382

Esp  143.681   144.181   144.681   145.181   145.681   146.181   146.681   147.181   147.681   148.181   148.681   149.181   149.681   150.181   150.681   151.181   151.681   152.181   152.681   153.181   153.681   154.181   154.681   155.181   155.681   156.181   156.681   157.181   157.681   158.181   158.681   159.181   159.681   160.181   160.681   161.181   161.681   162.181   162.681   163.181   163.681   164.181   164.681   165.181   165.681   166.181   166.681   167.181   167.681   168.181   168.681   169.181   169.681   170.181   170.681   171.181   171.681   172.181   172.681   173.181   173.681   174.181   174.681   175.181   175.681   176.181   176.681   177.181   177.681   178.181   178.681   179.181   179.681   180.181   180.681   181.181   181.681   182.181   182.681   183.181   183.681   184.181   184.681   185.181   185.681   186.181   186.681   187.181   187.681   188.181   188.681   189.181   189.681   190.181   190.681   191.181   191.681   192.181   192.681   193.181   193.681   194.181   194.681   195.181   195.681   196.181   196.681   197.181   197.681   198.181   198.681   199.181   199.681   200.181   200.681   201.181   201.681   202.181   202.681   203.181   203.681   204.181   204.681   205.181   205.681   206.181   206.681   207.181   207.681   208.181   208.681   209.181   209.681   210.181   210.681   211.181   211.681   212.181   212.681   213.181   213.681   214.181   214.681   215.181   215.681   216.181   216.681   217.181   217.681   218.181   218.681   219.181   219.681   220.181   220.681   221.181   221.681   222.181   222.681   223.181   223.681   224.181   224.681   225.181   225.681   226.181   226.681   227.181   227.681   228.181   228.681   229.181   229.681   230.181   230.681   231.181   231.681   232.181   232.681   233.181   233.681
Ed   165.681   166.181   166.681   167.181   167.681   168.181   168.681   169.181   169.681   170.181   170.681   171.181   171.681   172.181   172.681   173.181   173.681   174.181   174.681   175.181   175.681   176.181   176.681   177.181   177.681   178.181   178.681   179.181   179.681   180.181   180.681   181.181   181.681   182.181   182.681   183.181   183.681   184.181   184.681   185.181   185.681   186.181   186.681   187.181   187.681   188.181   188.681   189.181   189.681   190.181   190.681   191.181   191.681   192.181   192.681   193.181   193.681   194.181   194.681   195.181   195.681   196.181   196.681   197.181   197.681   198.181   198.681   199.181   199.681   200.181   200.681   201.181   201.681   202.181   202.681   203.181   203.681   204.181   204.681   205.181   205.681   206.181   206.681   207.181   207.681   208.181   208.681   209.181   209.681   210.181   210.681   211.181   211.681


sigma_sp   0  0  0  0  0  0  0  0  0  0  0  0  0  0  0  0  0  1.34839e-19  5.44717e-19  1.28602e-18  2.37688e-18  4.12697e-18  7.66984e-18  1.25505e-17  2.24134e-17  3.6092e-17  5.90983e-17  1.08531e-16  1.863e-16  3.07401e-16  5.31848e-16  9.10263e-16  1.54216e-15  2.59055e-15  4.2338e-15  7.01807e-15  1.24685e-14  2.13392e-14  3.57247e-14  6.2153e-14  1.10376e-13  1.78534e-13  3.16852e-13  5.53993e-13  8.62351e-13  1.59064e-12  2.79952e-12  4.75362e-12  8.27765e-12  1.30599e-11  2.33089e-11  4.23089e-11  7.29778e-11  1.19411e-10  2.16126e-10  3.76106e-10  6.50683e-10  1.11047e-09  1.95233e-09  3.20907e-09  5.87531e-09  1.02024e-08  1.77261e-08  3.08229e-08  5.29551e-08  9.30407e-08  1.55295e-07  2.81115e-07  4.94292e-07  8.6252e-07  1.50356e-06  2.45373e-06  4.5063e-06  7.94348e-06  1.21896e-05  2.46247e-05  4.31273e-05  7.55699e-05  0.000128026  0.000232384  0.00040783  0.000675064  0.00125829  0.00207674  0.00389273  0.00671822  0.0114768  0.0217278  0.0904347  0.246821  0.579164  1.22828  2.57934  4.05627  6.10031  8.55003  11.4686  13.9698  18.2129  23.2842  27.4612  32.7473  39.4157  44.9808  53.1374  60.8099  68.696  76.989  84.2294  91.9731  101.937  110.611  120.74  130.495  140.461  150.611  160.927  170.794  181.972  192.647  203.37  214.136  223.061  231.829  243.105  253.693  263.651  273.422  282.965  292.235  301.185  309.756  317.803  325.328  332.319  338.772  344.69  350.083  354.967  359.361  363.288  366.773  369.842  372.524  374.845  376.834  378.518  379.923  381.074  381.996  382.71  383.238  383.599  383.811  383.892  383.855  383.714  383.483  383.171  382.79  382.348  381.853  381.312  380.732  380.118  379.475  378.808  378.119  377.413  376.693  375.96  375.217  374.466  373.709  372.947  372.181  371.412  370.641  369.869  369.097  368.325
pelss  0  0  0  0  0  0  0  0  0  0  0  0  0  0  0  0  0  1.97882e-20  3.3399e-20  5.64113e-20  9.53463e-20  1.61269e-19  2.72966e-19  4.6236e-19  7.83736e-19  1.32947e-18  2.25686e-18  3.83402e-18  6.51815e-18  1.10897e-17  1.88815e-17  3.21723e-17  5.48598e-17  9.3617e-17  1.59876e-16  2.73237e-16  4.67332e-16  7.99908e-16  1.3702e-15  2.34887e-15  4.0296e-15  6.91816e-15  1.18862e-14  2.04371e-14  3.51656e-14  6.05537e-14  1.04349e-13  1.79954e-13  3.10564e-13  5.36338e-13  9.26842e-13  1.60267e-12  2.77303e-12  4.80137e-12  8.3197e-12  1.4428e-11  2.50416e-11  4.34971e-11  7.5608e-11  1.3151e-10  2.28886e-10  3.986e-10  6.94571e-10  1.21103e-09  2.11279e-09  3.68818e-09  6.44193e-09  1.1258e-08  1.96854e-08  3.44396e-08  6.02832e-08  1.05574e-07  1.84984e-07  3.24284e-07  5.68761e-07  9.98034e-07  1.75216e-06  3.07765e-06  5.40861e-06  9.51013e-06  1.67316e-05  2.94549e-05  5.18898e-05  9.14851e-05  0.000161442  0.000285204  0.00050449  0.00164028  0.00957584  0.0226093  nan  0.0709563  0.0999634  0.131915  0.166496  0.202649  0.241014  0.281049  0.322212  0.36398  0.405863  0.447414  0.488236  0.527985  0.566371  0.603161  0.638174  0.671278  0.702384  0.731445  0.758451  0.783417  0.806389  0.827428  0.846614  0.864039  0.879803  0.894011  0.906772  0.918193  0.928382  0.937444  0.94548  0.952584  0.958848  0.964357  0.969188  0.973416  0.977106  0.980319  0.983111  0.985532  0.987626  0.989435  0.990993  0.992334  0.993484  0.994471  0.995314  0.996035  0.996649  0.997172  0.997617  0.997994  0.998314  0.998584  0.998813  0.999005  0.999168  0.999305  0.99942  0.999516  0.999597  0.999665  0.999721  0.999768  0.999808  0.999841  0.999868  0.999891  0.99991  0.999926  0.999939  0.999949  0.999958  0.999966  0.999972  0.999977  0.999981  0.999984  0.999987  0.99999  0.999991  0.999993  0.999994  0.999995  0.999996  0.999997  0.999997  0.999998  0.999998
