Z1   20
Z2   18
e                  1.2
A1   40
A2   40
k                  0.024
Element1            Ca
Element2            Ar
reaction     40Ca+Ar40  
beta1             0
beta2         0.251
m1      -34846.4
m2      -35039.9
message            nan
Q       3.37578
E2         1.525
A1_new            42
A2_new            38
m1_new      -38547.2
m2_new      -34714.8
beta1_new         0.247
beta2_new         0.163
d1_new          0.55
d2_new          0.55
Element1_new            Ca
Element2_new            Ar
reaction_new     42Ca+Ar38  
is_Q2_channel   yes
d1          0.55
d2          0.55
r0                 1.150
ro0                0.17
gamma   12.0
lambda             nan
epsilon            nan
q0                 nan
p0                 nan
omega   3.05966
rrbarer            0.5
rrS                1.1
T                  0.7
tlim               6.0
Lp                 2.0015
R         7.36        7.56        7.76        7.96        8.16        8.36        8.56        8.76        8.96        9.16        9.36        9.56        9.76        9.96       10.16       10.36       10.56       10.76       10.96       11.16       11.36       11.56       11.76       11.96       12.16       12.36       12.56       12.76       12.96       13.16       13.36       13.56       13.76       13.96       14.16       14.36       14.56       14.76       14.96       15.16       15.36       15.56       15.76       15.96       16.16       16.36       16.56       16.76       16.96       17.16       17.36       17.56       17.76       17.96       18.16       18.36       18.56       18.76       18.96       19.16       19.36       19.56       19.76       19.96       20.16       20.36       20.56       20.76       20.96       21.16       21.36       21.56       21.76       21.96       22.16       22.36       22.56       22.76       22.96       23.16       23.36       23.56       23.76       23.96       24.16       24.36       24.56       24.76       24.96       25.16       25.36       25.56       25.76       25.96       26.16       26.36       26.56       26.76       26.96       27.16       27.36       27.56       27.76       27.96       28.16
U0      42.3286     35.0281      30.828     29.0428      29.031     30.2224     32.1369     34.3921     36.7025     38.8714     40.7763     42.3547     43.5876      44.486     45.0789     45.4052     45.5065     45.4238     45.1944     44.8513     44.4223     43.9304     43.3942     42.8286     42.2449     41.6638     41.0672     40.4732     39.8857     39.3071     38.7391      38.183     37.6394     37.1086     36.5908     36.0859     35.5937      35.114     34.6465     34.1908     33.7467     33.3137     32.8916     32.4798     32.0782     31.6863     31.3038     30.9303     30.5657     30.2095     29.8615     29.5215      29.189      28.864     28.5462     28.2352      27.931     27.6332     27.3417     27.0563     26.7768      26.503     26.2348     25.9719     25.7142     25.4616     25.2139      24.971     24.7328      24.499     24.2696     24.0445     23.8235     23.6065     23.3934     23.1842     22.9787     22.7767     22.5783     22.3834     22.1917     22.0033     21.8181      21.636     21.4569     21.2807     21.1074     20.9369     20.7692     20.6041     20.4416     20.2816     20.1242     19.9691     19.8164     19.6661      19.518     19.3721     19.2284     19.0868     18.9473     18.8098     18.6743     18.5407      18.409
Lmax            59
xMin       8.05788
xBar        10.563
UMin       28.8491
UBar       45.5065
val_D_3            -0.10
FORT.DAT                CaAr.DAT

Esp  38.2821   38.7821   39.2821   39.7821   40.2821   40.7821   41.2821   41.7821   42.2821   42.7821   43.2821   43.7821   44.2821   44.7821   45.2821   45.7821   46.2821   46.7821   47.2821   47.7821   48.2821   48.7821   49.2821   49.7821   50.2821   50.7821   51.2821   51.7821   52.2821   52.7821   53.2821   53.7821   54.2821   54.7821   55.2821   55.7821   56.2821   56.7821   57.2821   57.7821   58.2821   58.7821   59.2821   59.7821   60.2821   60.7821   61.2821   61.7821   62.2821   62.7821   63.2821   63.7821   64.2821   64.7821   65.2821   65.7821   66.2821   66.7821   67.2821   67.7821   68.2821
Ed   41.4704   41.9704   42.4704   42.9704   43.4704   43.9704   44.4704   44.9704   45.4704   45.9704   46.4704   46.9704   47.4704   47.9704   48.4704   48.9704   49.4704   49.9704   50.4704   50.9704   51.4704   51.9704   52.4704   52.9704   53.4704   53.9704   54.4704   54.9704   55.4704   55.9704   56.4704   56.9704   57.4704   57.9704   58.4704   58.9704   59.4704   59.9704   60.4704   60.9704   61.4704   61.9704   62.4704   62.9704   63.4704   63.9704   64.4704   64.9704   65.4704
sigma_sp   0.000664928  0.00122174  0.00226026  0.004212  0.0079098  0.0147018  0.0286118  0.0549832  0.107563  0.212345  0.790959  3.41198  8.70203  16.8732  28.0179  42.0207  58.6154  77.7688  98.9921  121.986  146.457  172.219  198.837  219.331  253.721  281.569  309.503  337.419  365.141  392.574  419.643  446.261  472.638  498.498  523.832  548.721  573.182  597.065  620.506  643.495  665.93  688.017  709.566  730.656  751.38  771.525  791.454  810.791  829.883  848.431  866.742  884.517  902.103  919.124  936.03  952.322  968.574  984.284  999.776  1014.96  1029.63
pelss  9.54404e-06  1.7887e-05  3.37617e-05  6.42092e-05  0.000123113  0.000238137  0.000465101  0.000917691  0.00183333  0.00371932  0.0349345  0.0942791  0.16591  0.244988  0.326509  0.407384  0.48551  0.558788  0.625861  0.685998  0.738966  0.7849  0.824191  0.85739  0.885136  0.908093  0.926916  0.942221  0.954571  0.964465  0.97234  0.978569  0.983468  0.9873  0.990283  0.992593  0.994374  0.995742  0.996788  0.997585  0.998189  0.998646  0.998991  0.99925  0.999444  0.999589  0.999696  0.999777  0.999836  0.99988  0.999912  0.999936  0.999953  0.999966  0.999975  0.999982  0.999987  0.999991  0.999993  0.999995  0.999997
sigma_d    0.15987  0.54109  1.43882  3.1438  5.99834  10.4185  17.0185  26.2886  38.2951  52.9804  70.1727  89.6791  111.018  133.823  158.421  184.113  210.614  237.84  264.484  292.814  322.423  350  377.786  405.214  432.323  459.038  485.325  511.189  536.609  561.52  585.948  609.914  633.385  656.368  678.895  700.941  722.54  743.697  764.393  784.675  804.524  823.969  843.023  861.667  879.938  897.82  915.346  932.506  949.32
