Ecm=38.2821   PELLS:   9.54404e-06  9.31121e-06  8.86415e-06  8.23157e-06  7.45845e-06  6.59392e-06  5.68757e-06  4.78602e-06  3.92941e-06  3.14797e-06  2.46039e-06  1.87624e-06  1.39603e-06  1.01347e-06  7.17918e-07  4.96158e-07  3.34645e-07   2.2029e-07  1.41524e-07  8.87729e-08  5.43862e-08  3.25656e-08  1.90814e-08  1.09756e-08  6.29881e-09  3.46015e-09  1.81638e-09  9.18588e-10  4.48485e-10  2.11463e-10  9.63258e-11  4.23735e-11  1.79941e-11  7.37347e-12  2.91352e-12   1.1093e-12   4.0664e-13
sigma_38.2821   = 0.000664928
Ecm=38.7821   PELLS:    1.7887e-05  1.74476e-05  1.66039e-05  1.54107e-05  1.39535e-05  1.23253e-05  1.06201e-05  8.92597e-06  7.31845e-06  5.85423e-06  4.56802e-06  3.47726e-06  2.58231e-06  1.87083e-06  1.32235e-06   9.1175e-07  6.13422e-07  4.02739e-07  2.58002e-07  1.61339e-07  9.85077e-08  5.87559e-08  3.42637e-08  1.95733e-08  1.10051e-08  6.16939e-09  3.26472e-09  1.65682e-09  8.10276e-10  3.82304e-10  1.74143e-10  7.65643e-11  3.24823e-11  1.32929e-11  5.24392e-12  1.99271e-12  7.28846e-13
sigma_38.7821   = 0.00122174
Ecm=39.2821   PELLS:   3.37617e-05  3.29257e-05  3.13216e-05  2.90542e-05  2.62868e-05  2.31975e-05   1.9966e-05  1.67594e-05  1.37213e-05  1.09584e-05  8.53579e-06  6.48532e-06  4.80637e-06   3.4746e-06   2.4503e-06  1.68535e-06  1.13098e-06  7.40514e-07  4.73015e-07  2.94877e-07  1.79435e-07  1.06624e-07  6.19078e-08  3.51697e-08  1.95963e-08  1.08154e-08  5.85971e-09  2.99134e-09  1.46696e-09  6.93027e-10  3.15802e-10  1.38813e-10  5.88483e-11  2.40554e-11  9.47554e-12  3.59422e-12  1.31182e-12
sigma_39.2821   = 0.00226026
Ecm=39.7821   PELLS:   6.42092e-05  6.26063e-05   5.9531e-05  5.51868e-05  4.98891e-05  4.39814e-05  3.78089e-05  3.16928e-05   2.5907e-05  2.06551e-05  1.60587e-05  1.21764e-05  9.00469e-06  6.49467e-06  4.56898e-06  3.13457e-06  2.09787e-06   1.3697e-06  8.72308e-07  5.42077e-07   3.2874e-07  1.94624e-07  1.12532e-07  6.36148e-08  3.52105e-08  1.91615e-08  1.04555e-08  5.39986e-09  2.65995e-09  1.25932e-09  5.74376e-10  2.52499e-10  1.06995e-10  4.36956e-11  1.71893e-11  6.50928e-12  2.37103e-12
sigma_39.7821   = 0.004212
Ecm=40.2821   PELLS:   0.000123113  0.000120012  0.000114064  0.000105668  9.54383e-05  8.40425e-05  7.21528e-05  6.03899e-05  4.92816e-05  3.92186e-05  3.04296e-05  2.30232e-05   1.6987e-05   1.2222e-05  8.57603e-06  5.86779e-06  3.91606e-06  2.54925e-06  1.61848e-06   1.0025e-06  6.05866e-07  3.57365e-07  2.05791e-07  1.15797e-07  6.37303e-08  3.43908e-08  1.83325e-08  9.72322e-09  4.82656e-09  2.29291e-09  1.04749e-09  4.60743e-10  1.95208e-10  7.96664e-11  3.13047e-11  1.18367e-11
sigma_40.2821   = 0.0079098
Ecm=40.7821   PELLS:   0.000238137  0.000232078  0.000220465   0.00020408  0.000184139  0.000161952  0.000138839  0.000116013  9.44983e-05  7.50502e-05  5.81042e-05  4.38591e-05  3.22796e-05  2.31642e-05  1.62096e-05          nan  7.35858e-06  4.77542e-06  3.02205e-06  1.86557e-06  1.12347e-06   6.6018e-07  3.78638e-07  2.12103e-07  1.16128e-07  6.22474e-08  3.27905e-08  1.73301e-08  8.75156e-09  4.18059e-09  1.91485e-09  8.43229e-10   3.5735e-10   1.4578e-10  5.72322e-11  2.16115e-11
sigma_40.7821   = 0.0147018
Ecm=41.2821   PELLS:   0.000465101  0.000453136  0.000430215  0.000397901  0.000358618  0.000314974  0.000269581  0.000224842  0.000182769  0.000144829  0.000111857  8.42191e-05  6.18168e-05  4.42355e-05  3.08636e-05  2.09924e-05  1.39239e-05  9.00646e-06  5.68027e-06  3.49423e-06  2.09655e-06  1.22725e-06  7.01004e-07  3.90953e-07  2.12988e-07  1.13492e-07  5.92904e-08  3.05629e-08  1.58083e-08  7.62555e-09  3.50712e-09  1.54742e-09  6.56268e-10  2.67711e-10  1.05034e-10  3.96174e-11
sigma_41.2821   = 0.0286118
Ecm=41.7821   PELLS:   0.000917691  0.000893799  0.000848056  0.000783626  0.000705399  0.000618632  0.000528555  0.000439951  0.000356824  0.000282057  0.000217259  0.000163113  0.000119369  8.51552e-05  5.92242e-05  4.01503e-05  2.65407e-05  1.71076e-05  1.07508e-05          nan  3.93838e-06  2.29623e-06  1.30614e-06  7.25219e-07  3.93179e-07  2.08348e-07  1.08093e-07  5.50988e-08  2.80183e-08  1.38912e-08  6.43137e-09  2.84637e-09  1.20884e-09   4.9331e-10   1.9348e-10  7.29144e-11
sigma_41.7821   = 0.0549832
Ecm=42.2821   PELLS:    0.00183333   0.00178483   0.00169204   0.00156153   0.00140338   0.00122839   0.00104725  0.000869622  0.000703517   0.00055461  0.000425985  0.000318849  0.000232586  0.000165357  0.000114598  7.74097e-05  5.09832e-05  3.27402e-05  2.04964e-05  1.25127e-05  7.44921e-06  4.32527e-06  2.44977e-06  1.35407e-06  7.30574e-07  3.85069e-07  1.98526e-07  1.00343e-07   5.0036e-08   2.5174e-08  1.17955e-08   5.2454e-09  2.23274e-09  9.11976e-10  3.57701e-10  1.34722e-10
sigma_42.2821   = 0.107563
Ecm=42.7821   PELLS:    0.00371932   0.00361909   0.00342749   0.00315843   0.00283299   0.00247387   0.00210319   0.00174101   0.00140367   0.00110262   0.00084384  0.000629345  0.000457443  0.000324049   0.00022374  0.000150545  9.87523e-05  6.31584e-05  3.93766e-05  2.39389e-05  1.41913e-05  8.20437e-06  4.62614e-06   2.5452e-06  1.36655e-06  7.16494e-07    3.672e-07   1.8425e-07  9.08582e-08  4.46021e-08  2.15939e-08  9.67702e-09  4.13351e-09  1.69108e-09  6.63613e-10  2.49872e-10
sigma_42.7821   = 0.212345
Ecm=43.2821   PELLS:     0.0349345    0.0331025    0.0295028    0.0242542    0.0174602   0.00850957    0.0042899   0.00353845   0.00284174   0.00222291   0.00169361   0.00125724  0.000909521  0.000641348  0.000440895  0.000295418  0.000192969  0.000122881  7.62699e-05  4.61592e-05  2.72398e-05  1.56763e-05  8.79821e-06  4.81744e-06  2.57365e-06  1.34226e-06  6.83932e-07   3.4088e-07  1.66625e-07  8.03459e-08  3.92736e-08   1.7851e-08  7.66618e-09  3.14434e-09
sigma_43.2821   = 0.790959
Ecm=43.7821   PELLS:     0.0942791    0.0918925    0.0871734     0.080238    0.0712605    0.0605063    0.0483197     0.035125    0.0213796   0.00524918    0.0034497   0.00254741   0.00183295   0.00128536  0.000878674          nan  0.000380548  0.000241181  0.000149002  8.97503e-05  5.27065e-05  3.01832e-05  1.68568e-05   9.1839e-06   4.8812e-06  2.53205e-06  1.28279e-06  6.35268e-07   3.0813e-07   1.4689e-07  6.97286e-08  3.28545e-08  1.42323e-08  5.86013e-09
sigma_43.7821   = 3.41198
Ecm=44.2821   PELLS:       0.16591     0.163139     0.157625     0.149441     0.138709     0.125602     0.110371    0.0933486    0.0749967    0.0559107    0.0368231    0.0184746   0.00374896   0.00261233   0.00177468          nan  0.000758994  0.000478097  0.000293708  0.000175999  0.000102838  5.85899e-05  3.25492e-05  1.76394e-05  9.32519e-06  4.81068e-06  2.42309e-06  1.19246e-06  5.74234e-07  2.71219e-07  1.26483e-07  6.00069e-08   2.6415e-08  1.09408e-08
sigma_44.2821   = 8.70203
Ecm=44.7821   PELLS:      0.244988     0.242008     0.236055     0.227168     0.215409     0.200871     0.183701     0.164102     0.142384     0.118986    0.0944832    0.0696704    0.0455303    0.0231842   0.00363715   0.00239115   0.00153353  0.000959381  0.000585352  0.000348457  0.000202388  0.000114675  6.33645e-05  3.41487e-05  1.79506e-05  9.20733e-06  4.61025e-06  2.25462e-06  1.07822e-06  5.05058e-07  2.32733e-07  1.06875e-07  4.88999e-08  2.04456e-08
sigma_44.7821   = 16.8732
Ecm=45.2821   PELLS:      0.326509     0.323513     0.317514     0.308523     0.296567       0.2816     0.263505     0.242549     0.218905     0.192842      0.16473     0.135152     0.104873    0.0749246    0.0466039    0.0213935   0.00314268   0.00195048   0.00118118  0.000698018   0.00040248  0.000226484  0.000124375  6.66455e-05    3.483e-05  1.77583e-05  8.83723e-06  4.29432e-06  2.03969e-06  9.48037e-07   4.3256e-07  1.95015e-07  8.97757e-08  3.81936e-08  1.52317e-08
sigma_45.2821   = 28.0179
Ecm=45.7821   PELLS:      0.407384     0.404429     0.398505     0.389589      0.37767     0.362716     0.344735     0.323729     0.299762     0.272754     0.242756      0.21038     0.176141     0.140795     0.105372    0.0712665    0.0401948    0.0139257   0.00241576   0.00141571  0.000809943  0.000452279  0.000246498  0.000131169   6.8123e-05  3.45226e-05  1.70719e-05   8.2414e-06  3.88756e-06  1.79342e-06  8.11025e-07  3.61014e-07  1.60474e-07  7.11551e-08  2.86603e-08
sigma_45.7821   = 42.0207
Ecm=46.2821   PELLS:       0.48551     0.482693     0.477038       0.4685     0.457037     0.442577     0.425063      0.40442     0.380612     0.353659     0.323616     0.290682     0.254581     0.216123     0.176118     0.135634     0.096095    0.0593805    0.0276978   0.00291206   0.00165049  0.000913863  0.000494064  0.000260812  0.000134419  6.76495e-05  3.32389e-05  1.59405e-05  7.46674e-06  3.41891e-06  1.53319e-06  6.75261e-07   2.9428e-07  1.31455e-07  5.39079e-08  2.06634e-08
sigma_46.2821   = 58.6154
Ecm=46.7821   PELLS:      0.558788     0.556175     0.550926     0.542978      0.53227     0.518702     0.502171     0.482544      0.45971     0.433585     0.404094     0.371268     0.335215      0.29622     0.254143       0.2099     0.164735     0.120158     0.078136    0.0411519    0.0117377   0.00187044    0.0010019  0.000524408  0.000268037  0.000133794  6.52418e-05  3.10724e-05  1.44543e-05  6.56902e-06  2.92179e-06   1.2745e-06   5.4785e-07  2.35942e-07  1.01126e-07  3.91595e-08
sigma_46.7821   = 77.7688
Ecm=47.2821   PELLS:      0.625861     0.623493     0.618731     0.611506     0.601743     0.589325      0.57412     0.555958     0.534675     0.510112     0.482095     0.450521      0.41533     0.376588     0.334493     0.289497      0.24145     0.191984     0.142708     0.095754    0.0538046    0.0199536   0.00205884   0.00106685  0.000540376  0.000267426  0.000129291  6.10732e-05  2.81984e-05  1.27213e-05  5.61299e-06  2.42616e-06  1.03094e-06  4.34374e-07    1.882e-07  7.41892e-08  2.72817e-08
sigma_47.2821   = 98.9921
Ecm=47.7821   PELLS:      0.685998     0.683894     0.679659     0.673222     0.664502     0.653374      0.63969     0.623263     0.603893     0.581374     0.555464     0.525963     0.492682     0.455511     0.414426     0.369593     0.321398     0.270327     0.216855     0.163216     0.111667    0.0651487    0.0270844   0.00220005   0.00110239  0.000540337   0.00025891  0.000121223  5.54825e-05  2.48285e-05  1.08688e-05  4.65722e-06  1.95836e-06   8.1279e-07  3.39595e-07  1.40208e-07  5.20868e-08
sigma_47.7821   = 121.986
Ecm=48.2821   PELLS:      0.738966     0.737129     0.733426      0.72779     0.720139     0.710346     0.698261     0.683688     0.666414     0.646205     0.622781     0.595877     0.565214     0.530553     0.491697     0.448577     0.401283     0.350195      0.29601     0.239004     0.181279     0.125476    0.0747354    0.0329089   0.00228017   0.00110487  0.000524061  0.000243097  0.000110251  4.88853e-05  2.12135e-05  9.01223e-06  3.75326e-06  1.53825e-06  6.26682e-07  2.63085e-07  9.94294e-08  3.50065e-08
sigma_48.2821   = 146.457
Ecm=48.7821   PELLS:        0.7849     0.783319      0.78013     0.775271      0.76866     0.760178     0.749678     0.736968     0.721832     0.704027     0.683257     0.659222     0.631589     0.600032     0.564232     0.523939     0.479008     0.429499      0.37571     0.318363     0.258195     0.196639     0.136828    0.0822774    0.0371839   0.00537313   0.00107357  0.000492707  0.000221306  9.72054e-05  4.17774e-05  1.75816e-05  7.25343e-06  2.93998e-06  1.17791e-06  4.78789e-07  1.89395e-07  6.73493e-08
sigma_48.7821   = 172.219
Ecm=49.2821   PELLS:      0.824191     0.822849     0.820139     0.816005     0.810372     0.803128     0.794136     0.783214     0.770154     0.754718     0.736609     0.715518     0.691084     0.662934      0.63067      0.59392     0.552362     0.505806     0.454215     0.397884     0.337526     0.274287     0.209046     0.145541    0.0875683    0.0397242   0.00649409   0.00101068  0.000448938  0.000195215  8.30857e-05  3.46153e-05  1.41356e-05  5.66924e-06  2.24093e-06  8.83253e-07  3.58546e-07  1.29577e-07  4.35999e-08
sigma_49.2821   = 198.837
Ecm=49.7821   PELLS:       0.85739     0.856265     0.853989     0.850515     0.845774     0.839664     0.832061     0.822799     0.811684      0.79849     0.782936     0.764715     0.743465     0.718795     0.690267     0.657435     0.619859     0.577166     0.529064     0.475494     0.416706     0.353458     0.287069          nan     0.151465    0.0904526     0.040468   0.00640937  0.000921632  0.000396178  0.000166864  6.88192e-05  2.78067e-05  1.10286e-05  4.30617e-06  1.66608e-06  6.64839e-07  2.48867e-07  8.45456e-08
sigma_49.7821   = 219.331
Ecm=50.2821   PELLS:      0.885136     0.884202     0.882311     0.879423     0.875476     0.870381     0.864027     0.856265      0.84692     0.835785       0.8226     0.807076     0.788865     0.767579      0.74277      0.71396      0.68064     0.642321     0.598529     0.548935     0.493415     0.432222     0.366065     0.296479     0.224637     0.154487    0.0908988    0.0394145   0.00528094  0.000813547  0.000338624   0.00013815   5.5234e-05  2.16611e-05  8.35367e-06  3.18337e-06  1.21566e-06  4.75568e-07  1.63987e-07  5.26112e-08
sigma_50.2821   = 253.721
Ecm=50.7821   PELLS:      0.908093     0.907325      0.90577     0.903393      0.90014     0.895934     0.890679     0.884243     0.876473     0.867183     0.856139     0.843076     0.827671     0.809556     0.788297     0.763411     0.734365     0.700605     0.661543     0.616666     0.565564     0.508089     0.444413     0.375391      0.30264     0.227651     0.154595    0.0889055    0.0366736    0.0031345  0.000695199    0.0002802  0.000110773  4.29622e-05  1.63679e-05  6.14894e-06  2.29778e-06  8.95794e-07  3.17674e-07  1.02848e-07  3.12039e-08
sigma_50.7821   = 281.569
Ecm=51.2821   PELLS:      0.926916     0.926291     0.925023     0.923083     0.920428     0.916987     0.912682     0.907399     0.901002     0.893331     0.884178     0.873309      0.86043     0.845205     0.827224     0.806028     0.781085     0.751821     0.717595     0.677776     0.631764     0.579108     0.519556     0.453369      0.38142     0.305491     0.227449     0.151786    0.0845748    0.0324197   0.00144601  0.000574823  0.000224433  8.60313e-05   3.2391e-05  1.20053e-05  4.40728e-06   1.6336e-06  6.12883e-07  2.01163e-07  6.14087e-08
sigma_51.2821   = 309.503
Ecm=51.7821   PELLS:      0.942221     0.941716     0.940691     0.939122     0.936972     0.934182     0.930685     0.926386     0.921168     0.914893     0.907383      0.89843     0.887777     0.875122     0.860094     0.842265     0.821131     0.796129     0.766607     0.731878     0.691229     0.644007     0.589646     0.527934     0.459102      0.38412     0.305056     0.224029     0.146136    0.0780469    0.0269582   0.00119432  0.000459833  0.000174025  6.47229e-05  2.36825e-05  8.55867e-06  3.08888e-06  1.16983e-06  3.93116e-07  1.21046e-07  3.48692e-08
sigma_51.7821   = 337.419
Ecm=52.2821   PELLS:      0.954571     0.954166     0.953343     0.952084     0.950356     0.948111     0.945295     0.941825     0.937604     0.932516     0.926407     0.919102     0.910375     0.899963     0.887535     0.872708     0.855016      0.83393     0.808819     0.778986     0.743671     0.702101     0.653502     0.597315     0.533262     0.461607     0.383518     0.301313     0.217429     0.137737    0.0695966    0.0206611  0.000953842   0.00035591  0.000130635  4.71819e-05  1.68081e-05  5.94556e-06   2.1476e-06  7.65675e-07  2.38776e-07  6.91941e-08
sigma_52.2821   = 365.141
Ecm=52.7821   PELLS:      0.964465     0.964143     0.963487     0.962483     0.961105     0.959312      0.95706      0.95428     0.950893     0.946799     0.941872     0.935962     0.928876     0.920389     0.910212     0.898007     0.883358     0.865781     0.844687     0.819406     0.789176     0.753174     0.710509     0.660392      0.60217     0.535549     0.460911     0.379583     0.294265     0.207687     0.126803    0.0595547    0.0140173  0.000736692  0.000266535  9.49554e-05  3.33525e-05  1.15986e-05  4.04969e-06  1.47977e-06  4.70714e-07  1.37544e-07  3.75369e-08
sigma_52.7821   = 392.574
Ecm=53.2821   PELLS:       0.97234     0.972085     0.971566     0.970771     0.969679     0.968257     0.966468     0.964257     0.961558     0.958289     0.954345       0.9496     0.943894     0.937035     0.928775     0.918823     0.906814     0.892316     0.874797     0.853634     0.828097     0.797368     0.760509       0.7166     0.664743     0.604233     0.534823     0.456975     0.372295     0.283917      0.19495     0.113589    0.0483886   0.00756477  0.000550216  0.000193158  6.68705e-05  2.28889e-05  7.81141e-06  2.79233e-06  9.25753e-07  2.73626e-07  7.51189e-08
sigma_53.2821   = 419.643
Ecm=53.7821   PELLS:      0.978569     0.978369      0.97796     0.977335     0.976475     0.975354     0.973942     0.972195     0.970059     0.967466     0.964331      0.96055      0.95599     0.950489     0.943841     0.935796      0.92604     0.914198     0.899797     0.882277     0.860962     0.835072      0.80368     0.765817     0.720444     0.666583     0.603528     0.531041     0.449761     0.361614     0.270118      0.17937    0.0984782    0.0366706   0.00115065  0.000397442  0.000135522  4.56642e-05  1.52885e-05  5.17829e-06  1.81123e-06  5.44258e-07  1.50582e-07  3.88356e-08
sigma_53.7821   = 446.261
Ecm=54.2821   PELLS:      0.983468     0.983312     0.982992     0.982503      0.98183     0.980951     0.979844     0.978472     0.976791     0.974748     0.972273      0.96928     0.965661     0.961282     0.955971     0.949521     0.941661     0.932073     0.920348     0.905989      0.88839     0.866833      0.84044     0.808248     0.769168      0.72207     0.665937     0.600012     0.524149      0.43919     0.347552      0.25306     0.161233    0.0819642    0.0251019  0.000828071  0.000277762  9.21091e-05  3.02951e-05  9.98462e-06  3.49617e-06   1.0813e-06  3.02165e-07  7.83774e-08
sigma_54.2821   = 472.638
Ecm=54.7821   PELLS:        0.9873     0.987179      0.98693     0.986549     0.986025      0.98534     0.984477     0.983406     0.982091     0.980491     0.978548     0.976195     0.973341      0.96988     0.965667     0.960532      0.95425     0.946551     0.937087     0.925427      0.91104     0.893282     0.871348     0.844325     0.811136     0.770594     0.721504      0.66276     0.593623     0.514043     0.425223       0.3301      0.23294     0.140903    0.0646935    0.0144782  0.000576233  0.000187902  6.07379e-05  1.95813e-05  6.46882e-06  2.14087e-06  6.06705e-07  1.58463e-07  3.85183e-08
sigma_54.7821   = 498.498
Ecm=55.2821   PELLS:      0.990283     0.990189     0.989996     0.989701     0.989296     0.988765     0.988095     0.987263     0.986241     0.984994     0.983478     0.981638     0.979402     0.976683     0.973363     0.969304     0.964319     0.958184     0.950605     0.941218     0.929564     0.915079     0.897043     0.874619     0.846789     0.812377     0.770118     0.718704     0.656987      0.58424     0.500644     0.407777     0.309328     0.209965     0.118903    0.0474573   0.00561783  0.000387889  0.000123192  3.89321e-05  1.24177e-05  4.20106e-06  1.21781e-06  3.20886e-07  7.84071e-08
sigma_55.2821   = 523.832
Ecm=55.7821   PELLS:      0.992593     0.992521     0.992372     0.992145     0.991832     0.991423     0.990906     0.990263     0.989472     0.988506      0.98733     0.985899     0.984157     0.982033     0.979434     0.976246     0.972317     0.967462     0.961439     0.953941     0.944579      0.93287     0.918183      0.89977     0.876701     0.847861     0.811993     0.767703     0.713601     0.648488     0.571753      0.48381     0.386822     0.285318     0.184517    0.0959101    0.0312024  0.000811119  0.000252849  7.83832e-05  2.43631e-05   7.9979e-06  2.43851e-06  6.50579e-07  1.59954e-07  3.65155e-08
sigma_55.7821   = 548.721
Ecm=56.2821   PELLS:      0.994374     0.994319     0.994205     0.994031     0.993791     0.993476     0.993079     0.992585     0.991976     0.991231     0.990323     0.989217     0.987867     0.986217     0.984194     0.981705     0.978627     0.974811     0.970057     0.964112     0.956651     0.947264      0.93541     0.920437     0.901514     0.877621     0.847562     0.809949     0.763281     0.706069     0.637138     0.555984     0.463432     0.362325     0.257859     0.157102    0.0728017    0.0170096  0.000525506  0.000159758  4.85486e-05  1.50384e-05  4.85302e-06  1.31911e-06  3.26998e-07  7.50004e-08
sigma_56.2821   = 573.182
Ecm=56.7821   PELLS:      0.995742       0.9957     0.995613      0.99548     0.995297     0.995056     0.994752     0.994374     0.993907     0.993336     0.992638     0.991786     0.990746     0.989472     0.987905     0.985973     0.983576     0.980595     0.976867     0.972186     0.966282     0.958815     0.949327     0.937258     0.921885     0.902298     0.877398     0.845862     0.806183     0.756731     0.695974     0.622737     0.536765     0.439378     0.334372     0.227527     0.128427     0.050677   0.00594576  0.000329715  9.80683e-05  2.94379e-05  9.51777e-06  2.67017e-06  6.69438e-07  1.54457e-07   3.2998e-08
sigma_56.7821   = 597.065
Ecm=57.2821   PELLS:      0.996788     0.996756      0.99669     0.996589     0.996449     0.996266     0.996034     0.995746      0.99539     0.994953      0.99442     0.993768     0.992969      0.99199     0.990783     0.989291     0.987435      0.98512     0.982215     0.978552     0.973912     0.968014     0.960478     0.950831     0.938452     0.922549     0.902139     0.876007     0.842706     0.800585     0.747922     0.683107     0.605077     0.513889     0.411598     0.303111     0.194897    0.0994684    0.0307924  0.000689555  0.000200702  5.87009e-05  1.78002e-05  5.38286e-06  1.37088e-06  3.18823e-07  6.84223e-08
sigma_57.2821   = 620.506
Ecm=57.7821   PELLS:      0.997585      0.99756      0.99751     0.997433     0.997328     0.997189     0.997013     0.996794     0.996524     0.996192     0.995785     0.995288     0.994678     0.993929     0.993004     0.991858     0.990428      0.98864     0.986389      0.98354     0.979916      0.97529     0.969347     0.961693     0.951808      0.93901     0.922443     0.901018     0.873399     0.837993     0.793027     0.736647     0.667242     0.583902     0.487195     0.380073     0.268603     0.160735    0.0714339    0.0145256          nan  0.000118834  3.45678e-05  1.07559e-05  2.80461e-06  6.59045e-07  1.42291e-07  2.83286e-08
sigma_57.7821   = 643.495
Ecm=58.2821   PELLS:      0.998189     0.998171     0.998133     0.998075     0.997995      0.99789     0.997758     0.997592     0.997387     0.997136     0.996827      0.99645     0.995986     0.995416     0.994709     0.993833     0.992738     0.991363     0.989628     0.987425     0.984613     0.981006      0.97635     0.970322     0.962488     0.952274     0.938946     0.921551     0.898891     0.869486     0.831607     0.783314     0.722674     0.648095     0.558971     0.456525     0.344891      0.23106     0.126058    0.0457895   0.00305741  0.000243974  6.88168e-05  2.09681e-05  5.72284e-06  1.36308e-06  2.96577e-07  5.93253e-08
sigma_58.2821   = 665.93
Ecm=58.7821   PELLS:      0.998646     0.998633     0.998604     0.998561     0.998501     0.998422     0.998322     0.998197     0.998043     0.997853      0.99762     0.997334     0.996983      0.99655     0.996014     0.995347     0.994511      0.99346      0.99213     0.990435     0.988264     0.985469     0.981845     0.977128     0.970964     0.962875     0.952241     0.938246     0.919837     0.895683     0.864163     0.823368     0.771223     0.705711     0.625373     0.530021      0.42179     0.306361     0.191648    0.0922257    0.0241535  0.000508019  0.000139406  3.95282e-05  1.16124e-05   2.8183e-06  6.19077e-07  1.24602e-07  2.30205e-08
sigma_58.7821   = 688.017
Ecm=59.2821   PELLS:      0.998991     0.998981     0.998959     0.998927     0.998882     0.998822     0.998747     0.998654     0.998538     0.998395      0.99822     0.998005      0.99774     0.997413     0.997007     0.996502     0.995867     0.995067     0.994052     0.992755     0.991087     0.988934     0.986129     0.982462     0.977644     0.971283     0.962864     0.951699      0.93688     0.917238     0.891302     0.857271     0.813068     0.756463     0.685439     0.598741     0.496816     0.383064      0.26468     0.151474    0.0608731   0.00816052  0.000286786   7.8242e-05  2.32717e-05  5.81811e-06   1.2934e-06          nan  4.87035e-08
sigma_59.2821   = 709.566
Ecm=59.7821   PELLS:       0.99925     0.999242     0.999226     0.999202     0.999168     0.999124     0.999068     0.998998     0.998911     0.998804     0.998673     0.998511     0.998312     0.998066      0.99776     0.997379     0.996899     0.996292     0.995521     0.994533      0.99326     0.991608      0.98945     0.986616     0.982874     0.977905     0.971288     0.962449     0.950622     0.934796     0.913674     0.885609      0.84862     0.800431     0.738714     0.661482      0.56786     0.459235     0.340574     0.220296     0.111999    0.0339285  0.000598957  0.000158265  4.44226e-05   1.1968e-05  2.70274e-06  5.53017e-07  1.03334e-07  1.76281e-08
sigma_59.7821   = 730.656
Ecm=60.2821   PELLS:      0.999444     0.999438     0.999426     0.999408     0.999383      0.99935     0.999308     0.999256     0.999191     0.999111     0.999013     0.998892     0.998743     0.998559     0.998329     0.998042     0.997681     0.997223      0.99664     0.995891     0.994922     0.993663     0.992011     0.989832     0.986943     0.983086      0.97792     0.970974     0.961608     0.948967     0.931927     0.909026     0.878437     0.837958     0.785149     0.717583     0.633433     0.532451     0.417257     0.294848     0.174829    0.0751142    0.0133697  0.000325739  8.64277e-05  2.44378e-05  5.64334e-06  1.16739e-06  2.19744e-07  3.76876e-08
sigma_60.2821   = 751.38
Ecm=60.7821   PELLS:      0.999589     0.999584     0.999575     0.999562     0.999543     0.999519     0.999488     0.999449     0.999401     0.999341     0.999268     0.999178     0.999067     0.998929     0.998757     0.998543     0.998271     0.997927     0.997488     0.996922     0.996189     0.995233     0.993975     0.992309      0.99009     0.987115     0.983107     0.977685     0.970323     0.960307      0.94668     0.928172     0.903149     0.869559     0.824997     0.766834     0.692631     0.600907     0.492291     0.371097     0.246004     0.129942     0.043031  0.000681486  0.000173944  4.90522e-05  1.17568e-05  2.46573e-06  4.68163e-07  8.08041e-08
sigma_60.7821   = 771.525
Ecm=61.2821   PELLS:      0.999696     0.999693     0.999687     0.999677     0.999663     0.999645     0.999622     0.999593     0.999557     0.999513     0.999459     0.999392     0.999309     0.999207     0.999079     0.998918     0.998715     0.998458     0.998128     0.997703     0.997151     0.996428     0.995474     0.994206     0.992512     0.990229     0.987138     0.982933     0.977186     0.969309       0.9585     0.943677     0.923409     0.895844     0.858714      0.80937     0.745041     0.663405     0.563525      0.44732     0.321217     0.195489    0.0877451    0.0181102  0.000357421  9.32749e-05  2.43808e-05  5.20677e-06  9.98848e-07  1.73668e-07  2.73586e-08
sigma_61.2821   = 791.454
Ecm=61.7821   PELLS:      0.999777     0.999774     0.999769     0.999762     0.999752     0.999738     0.999721       0.9997     0.999674     0.999641     0.999601     0.999551      0.99949     0.999414     0.999319     0.999199     0.999048     0.998856      0.99861     0.998291     0.997877     0.997333     0.996613     0.995653     0.994365     0.992623     0.990253     0.987011     0.982553     0.976402     0.967894      0.95612     0.939854     0.917465     0.886883     0.845568     0.790644     0.719286     0.629422     0.521003      0.39766     0.268339     0.145411     0.050793   0.00234423  0.000185331  5.00958e-05  1.09802e-05  2.13294e-06   3.7403e-07  5.93038e-08
sigma_61.7821   = 810.791
Ecm=62.2821   PELLS:      0.999836     0.999834     0.999831     0.999825     0.999818     0.999808     0.999795      0.99978      0.99976     0.999736     0.999706      0.99967     0.999624     0.999568     0.999498     0.999409     0.999297     0.999154     0.998971     0.998733     0.998423     0.998016     0.997474     0.996751     0.995777     0.994453     0.992646     0.990161     0.986725     0.981952     0.975302     0.966023      0.95308     0.935067     0.910144     0.875965     0.829715     0.768338     0.689029     0.590238     0.473175     0.343828     0.212959    0.0981712    0.0218382  0.000378925  0.000100561  2.30884e-05  4.55541e-06  8.06869e-07  1.28887e-07  1.85133e-08
sigma_62.2821   = 829.883
Ecm=62.7821   PELLS:       0.99988     0.999878     0.999876     0.999872     0.999866     0.999859      0.99985     0.999838     0.999824     0.999806     0.999784     0.999757     0.999724     0.999683      0.99963     0.999565     0.999482     0.999376      0.99924     0.999063     0.998832     0.998528     0.998123      0.99758     0.996847     0.995847     0.994475      0.99258     0.989946     0.986266     0.981104     0.973844     0.963627     0.949262     0.929149     0.901183     0.862723     0.810694      0.74189     0.653718     0.545453     0.420171      0.28676     0.157926    0.0566779    0.0033724  0.000192379  4.82813e-05  9.72248e-06  1.74252e-06  2.80752e-07  4.05959e-08
sigma_62.7821   = 848.431
Ecm=63.2821   PELLS:      0.999912     0.999911     0.999909     0.999906     0.999902     0.999897      0.99989     0.999882     0.999871     0.999858     0.999842     0.999822     0.999798     0.999767     0.999729     0.999681      0.99962     0.999541     0.999441      0.99931     0.999138     0.998912      0.99861     0.998204     0.997654     0.996902     0.995866     0.994429     0.992421       0.9896     0.985617     0.979976     0.971971     0.960607     0.944523     0.921873     0.890256      0.84673     0.787952     0.710692     0.612792     0.494874     0.362466     0.226898     0.105922    0.0241308  0.000388797  9.98527e-05  2.07128e-05    3.765e-06  6.12678e-07  8.92726e-08
sigma_63.2821   = 866.742
Ecm=63.7821   PELLS:      0.999936     0.999935     0.999934     0.999932     0.999929     0.999925      0.99992     0.999914     0.999906     0.999896     0.999885      0.99987     0.999852      0.99983     0.999802     0.999766     0.999721     0.999664     0.999589     0.999493     0.999366     0.999198     0.998974     0.998672     0.998261     0.997697     0.996918     0.995833     0.994311      0.99216     0.989106      0.98475     0.978522     0.969602     0.956847     0.938674     0.912957      0.87698     0.827463     0.760867     0.674081     0.565805     0.438555     0.301152     0.167108    0.0602823   0.00349069  0.000200065  4.39736e-05  8.13308e-06  1.33879e-06  1.96803e-07  2.57414e-08
sigma_63.7821   = 884.517
Ecm=64.2821   PELLS:      0.999953     0.999953     0.999952      0.99995     0.999948     0.999945     0.999942     0.999937     0.999931     0.999925     0.999916     0.999905     0.999892     0.999876     0.999855     0.999829     0.999796     0.999754     0.999699     0.999628     0.999535     0.999411     0.999245     0.999021     0.998715     0.998295     0.997712     0.996896     0.995747     0.994116     0.991787     0.988444      0.98363     0.976678     0.966643     0.952189     0.931474     0.902065     0.860875     0.804317     0.728729     0.631435     0.512461     0.377059     0.237022     0.110651    0.0247009  0.000387741   9.2766e-05  1.75497e-05  2.92767e-06  4.34736e-07  5.73176e-08
sigma_64.2821   = 902.103
Ecm=64.7821   PELLS:      0.999966     0.999966     0.999965     0.999964     0.999962      0.99996     0.999958     0.999954      0.99995     0.999945     0.999939     0.999931     0.999921      0.99991     0.999895     0.999876     0.999851      0.99982      0.99978     0.999728      0.99966     0.999568     0.999446      0.99928     0.999054     0.998741     0.998307     0.997697     0.996834     0.995603     0.993836     0.991285     0.987587     0.982205     0.974368     0.962965     0.946431     0.922634     0.888768     0.841376     0.776577     0.690808     0.582193     0.452843     0.311512     0.172684    0.0613378   0.00253825  0.000193222  3.77837e-05  6.40306e-06  9.61795e-07  1.27972e-07  1.49886e-08
sigma_64.7821   = 919.124
Ecm=65.2821   PELLS:      0.999975     0.999975     0.999975     0.999974     0.999973     0.999971     0.999969     0.999967     0.999964      0.99996     0.999956      0.99995     0.999943     0.999934     0.999923      0.99991     0.999892     0.999869      0.99984     0.999802     0.999751     0.999685     0.999595     0.999472     0.999305     0.999074     0.998751     0.998297     0.997651     0.996727     0.995394     0.993458     0.990634     0.986494     0.980416     0.971488       0.9584     0.939327     0.911778     0.872553     0.817793     0.743467     0.646362     0.526044     0.387491     0.243144     0.112128    0.0233603   0.00038436  8.10234e-05  1.39957e-05  2.12997e-06  2.86365e-07  3.38212e-08
sigma_65.2821   = 936.03
Ecm=65.7821   PELLS:      0.999982     0.999982     0.999982     0.999981      0.99998     0.999979     0.999978     0.999976     0.999974     0.999971     0.999968     0.999964     0.999959     0.999952     0.999944     0.999934     0.999922     0.999905     0.999884     0.999856     0.999819      0.99977     0.999704     0.999614     0.999491     0.999321     0.999082     0.998745     0.998264     0.997573     0.996572      0.99511     0.992965     0.989799     0.985116     0.978176     0.967899     0.952745     0.930556     0.898454     0.852779     0.789351     0.704137     0.594784     0.463001     0.317729     0.174471    0.0596572  0.000761445  0.000172535  3.05461e-05    4.719e-06  6.41933e-07  7.65432e-08
sigma_65.7821   = 952.322
Ecm=66.2821   PELLS:      0.999987     0.999987     0.999987     0.999986     0.999986     0.999985     0.999984     0.999983     0.999981     0.999979     0.999977     0.999974      0.99997     0.999966      0.99996     0.999952     0.999943     0.999931     0.999916     0.999895     0.999869     0.999833     0.999785     0.999719     0.999629     0.999503     0.999327     0.999078     0.998722     0.998207     0.997459      0.99636      0.99474     0.992333     0.988746     0.983388     0.975377     0.963435     0.945727     0.919726     0.882081     0.828705     0.755159      0.65778     0.535656     0.393713     0.245132     0.110178    0.0200446  0.000362283  6.64911e-05  1.04528e-05   1.4408e-06  1.73667e-07  1.81464e-08
sigma_66.2821   = 968.574
Ecm=66.7821   PELLS:      0.999991     0.999991      0.99999      0.99999      0.99999     0.999989     0.999988     0.999987     0.999986     0.999985     0.999983     0.999981     0.999978     0.999975     0.999971     0.999966     0.999959      0.99995     0.999939     0.999924     0.999905     0.999879     0.999844     0.999796      0.99973     0.999638     0.999509     0.999325     0.999062      0.99868     0.998123     0.997302     0.996084     0.994263     0.991533     0.987421      0.98122     0.971881      0.95787     0.937013     0.906325     0.861975     0.799446     0.714293     0.603659     0.469028     0.319716     0.172315    0.0551782  0.000719713  0.000144102   2.3131e-05  3.23613e-06  3.94833e-07  4.16714e-08
sigma_66.7821   = 984.284
Ecm=67.2821   PELLS:      0.999993     0.999993     0.999993     0.999993     0.999993     0.999992     0.999992     0.999991      0.99999     0.999989     0.999988     0.999986     0.999984     0.999982     0.999979     0.999975      0.99997     0.999964     0.999956     0.999945     0.999931     0.999912     0.999887     0.999852     0.999804     0.999737     0.999642     0.999508     0.999314     0.999032     0.998619     0.998007     0.997096     0.995726     0.993659     0.990523     0.985754     0.978504     0.967505     0.950924      0.92616     0.889738     0.837297     0.764038     0.665802     0.541337     0.395674     0.242846     0.104738    0.0147205  0.000309992  5.10912e-05  7.26926e-06  8.99037e-07  9.59663e-08
sigma_67.2821   = 999.776
Ecm=67.7821   PELLS:      0.999995     0.999995     0.999995     0.999995     0.999995     0.999994     0.999994     0.999993     0.999993     0.999992     0.999991      0.99999     0.999989     0.999987     0.999985     0.999982     0.999979     0.999974     0.999968     0.999961      0.99995     0.999937     0.999918     0.999893     0.999858     0.999809      0.99974     0.999642       0.9995     0.999292     0.998987     0.998534     0.997855      0.99683     0.995272     0.992894     0.989249     0.983658     0.975089     0.962017     0.942221      0.91263     0.869194      0.80709     0.721408     0.608889     0.470908     0.317357     0.166151    0.0478718  0.000657068  0.000112509  1.63193e-05  2.04915e-06  2.21529e-07  2.03572e-08
sigma_67.7821   = 1014.96
Ecm=68.2821   PELLS:      0.999997     0.999996     0.999996     0.999996     0.999996     0.999996     0.999996     0.999995     0.999995     0.999994     0.999994     0.999993     0.999992     0.999991     0.999989     0.999987     0.999985     0.999981     0.999977     0.999972     0.999964     0.999954     0.999941     0.999923     0.999898     0.999862     0.999812      0.99974     0.999636     0.999484      0.99926     0.998925     0.998422     0.997657      0.99649     0.994697     0.991927     0.987643     0.981014     0.970788     0.955102     0.931299     0.895731     0.843786     0.770244     0.670518     0.543095      0.39327      0.23621    0.0957656   0.00685068  0.000246601  3.65873e-05  4.67248e-06  5.12339e-07  4.76458e-08
sigma_68.2821   = 1029.63
