   Z    A                         m(KeV)      Element   BETA_GS   BETA_2+ E_2+(MeV)
   6   10                        15698.8          C    -0.350     -0.83     3.354
   6   12                            0.0          C    -0.300    -0.582     4.439
   6   14                       3019.893          C    -0.300    -0.360     7.012
   6   16                          13694          C    -0.350    -0.690     1.766
   6   18                          24920          C    -0.300    -0.640     1.620
   6   20                          37560          C    -0.200    -0.405     1.620
   8   14                        8007.46          O     0.100     0.410     6.590
   8   16                    -4737.00137          O     0.000     0.364     6.917
   8   18                      -782.8156          O     0.100     0.355     1.982
   8   20                         3796.2          O     0.100     0.201     1.674
   8   22                           9280          O     0.050     0.208     3.190
   8   24                          18500          O     0.050     0.150     4.720
  10   16                          23986         Ne     0.350     0.710     1.690
  10   18                         5317.6         Ne     0.100     0.694     1.887
  10   20                     -7041.9306         Ne     0.300     0.727     1.634
  10   22                      -8024.714         Ne     0.350     0.562     1.275
  10   24                        -5951.6         Ne     0.250     0.450     1.982
  10   26                            479         Ne     0.250     0.498     2.018
  10   28                          11290         Ne     0.150     0.500     1.310
  10   30                          23040         Ne     0.050     0.453     0.791
  12   20                          17559         Mg     0.250     0.440     1.598
  12   22                         -399.9         Mg     0.300     0.440     1.246
  12   24                     -13933.569         Mg     0.300     0.605     1.369
  12   26                     -16214.546         Mg     0.300     0.482     1.809
  12   28                       -15018.7         Mg     0.240     0.491     1.473
  12   30                          -8884         Mg     0.120     0.431     1.482
  12   32                           -829         Mg     0.050     0.473     0.886
  12   34                           8323         Mg     0.220     0.532     0.670
  12   36                          20380         Mg     0.250     0.500     0.662
  14   24                          10744         Si     0.245     0.245     1.879
  14   26                       -7140.98         Si     0.300     0.446     1.796
  14   28                    -21492.7946         Si     0.300     0.407     1.779
  14   30                     -24432.961         Si     0.200     0.315     2.235
  14   32                      -24077.69         Si     0.100     0.217     1.942
  14   34                         -19957         Si     0.000     0.179     3.328
  14   36                         -12390         Si     0.130     0.259     1.399
  14   38                          -4170         Si     0.249     0.249     1.084
  14   40                           5430         Si     0.300     0.370     0.986
  16   28                           4070          S     0.265     0.265     1.512
  16   30                       -14059.0          S     0.338     0.338     2.211
  16   32                    -26015.5335          S     0.312     0.312     2.230
  16   34                      -29931.69          S     0.110     0.252     2.128
  16   36                      -30664.12          S     0.000     0.168     3.291
  16   38                         -26861          S     0.123     0.246     1.292
  16   40                         -22838          S     0.284     0.284     0.900
  16   42                       -17637.7          S     0.300     0.300     0.890
  16   44                          -9204          S     0.258     0.258     1.329
  18   32                        -2200.4         Ar     0.261     0.261     1.867
  18   34                      -18378.29         Ar     0.238     0.238     2.091
  18   36                     -30231.540         Ar     0.256     0.256     1.970
  18   38                      -34714.82         Ar     0.163     0.163     2.167
  18   40                    -35039.8946         Ar     0.251     0.251     1.461
  18   42                         -34423         Ar     0.275     0.275     1.208
  18   44                       -32673.3         Ar     0.240     0.240     1.144
  18   46                         -29730         Ar     0.175     0.175     1.550
  18   48                        -22440#         Ar     0.228     0.228     1.038
  20   38                      -22058.50         Ca     0.000     0.125     2.206
  20   40                     -34846.386         Ca     0.000     0.123     3.904
  20   42                      -38547.24         Ca     0.000     0.247     1.525
  20   44                       -41468.7         Ca     0.000     0.253     1.157
  20   46                       -43138.4         Ca     0.000     0.153     1.346
  20   48                      -44224.76         Ca     0.000     0.100     3.832
  20   50                       -39589.2         Ca     0.000     0.065     1.027
  20   52                         -34260         Ca     0.000     0.180     2.563
  22   42                      -25104.66         Ti     0.000     0.319     1.555
  22   44                       -37548.6         Ti     0.000     0.268     1.083
  22   46                       -44127.0         Ti     0.000     0.317     0.889
  22   48                       -48491.7         Ti     0.000     0.269     0.984
  22   50                       -51430.7         Ti     0.000     0.166     1.554
  22   52                         -49469         Ti     0.000     0.233     1.050
  22   54                         -45600         Ti     0.050     0.175     1.495
  22   56                         -39210         Ti     0.129     0.221     1.128
  22   58                        -31110#         Ti     0.110     0.180     1.047
  24   46                         -29474         Cr     0.288     0.288     0.892
  24   48                         -42822         Cr     0.337     0.337     0.752
  24   50                       -50261.7         Cr     0.147     0.293     0.783
  24   52                       -55418.1         Cr     0.050     0.223     1.434
  24   54                       -56933.7         Cr     0.125     0.250     0.835
  24   56                       -55281.2         Cr     0.195     0.195     1.007
  24   58                         -51830         Cr     0.252     0.252     0.881
  24   60                         -46500         Cr     0.275     0.275     0.646
  24   62                         -40890         Cr     0.322     0.322     0.447
  24   64                        -33460#         Cr     0.299     0.299     0.430
  26   50                         -34490         Fe     0.308     0.308     0.765
  26   52                         -48332         Fe     0.115     0.230     0.850
  26   54                       -56253.9         Fe     0.050     0.195     1.408
  26   56                       -60606.4         Fe     0.120     0.239     0.847
  26   58                       -62154.5         Fe     0.259     0.259     0.811
  26   60                         -61412         Fe     0.225     0.225     0.824
  26   62                       -58878.0         Fe     0.228     0.228     0.877
  26   64                         -54970         Fe     0.291     0.291     0.746
  26   66                         -50068         Fe     0.267     0.267     0.574
  26   68                         -43830         Fe     0.283     0.283     0.522
  28   54                         -39220         Ni     0.050     0.179     1.392
  28   56                       -53906.9         Ni     0.000     0.173     2.701
  28   58                       -60228.2         Ni     0.050     0.183     1.454
  28   60                       -64472.5         Ni     0.104     0.207     1.333
  28   62                       -66745.9         Ni     0.099     0.198     1.173
  28   64                       -67098.5         Ni     0.087     0.179     1.346
  28   66                       -66006.3         Ni     0.079     0.158     1.425
  28   68                       -63463.8         Ni     0.050     0.100     2.034
  28   70                       -59213.9         Ni     0.090     0.179     1.259
  28   72                       -54226.1         Ni     0.080     0.160     1.096
  28   74                        -48460#         Ni     0.075     0.149     1.024
  30   60                       -54173.7         Zn     0.245     0.245     1.004
  30   62                       -61167.5         Zn     0.218     0.218     0.954
  30   64                       -66003.8         Zn     0.242     0.242     0.992
  30   66                       -68899.1         Zn     0.218     0.218     1.039
  30   68                       -70006.8         Zn     0.205     0.205     1.077
  30   70                       -69564.7         Zn     0.228     0.228     0.885
  30   72                       -68145.5         Zn     0.243     0.243     0.653
  30   74                       -65756.7         Zn     0.243     0.243     0.606
  30   76                       -62303.0         Zn     0.206     0.206     0.599
  30   78                       -57483.2         Zn     0.147     0.147     0.730
  30   80                       -51648.6         Zn     0.070     0.141     1.492
  32   64                         -54315         Ge     0.180     0.180     0.902
  32   66                       -61607.0         Ge     0.174     0.174     0.957
  32   68                       -66978.8         Ge     0.206     0.206     1.016
  32   70                       -70561.8         Ge     0.225     0.225     1.039
  32   72                      -72585.90         Ge     0.242     0.242     0.834
  32   74                     -73422.442         Ge     0.283     0.283     0.596
  32   76                     -73212.889         Ge     0.262     0.262     0.563
  32   78                         -71862         Ge     0.235     0.235     0.619
  32   80                       -69535.3         Ge     0.183     0.183     0.659
  32   82                       -65415.1         Ge     0.084     0.167     1.348
  34   68                       -54189.4         Se     0.236     0.236     0.854
  34   70                       -61929.9         Se     0.309     0.309     0.945
  34   72                       -67868.2         Se     0.224     0.224     0.862
  34   74                     -72213.202         Se     0.302     0.302     0.635
  34   76                     -75251.950         Se     0.309     0.309     0.559
  34   78                      -77025.91         Se     0.271     0.271     0.614
  34   80                       -77759.5         Se     0.232     0.232     0.666
  34   82                       -77593.9         Se     0.152     0.193     0.655
  34   84                       -75947.7         Se     0.050     0.145     1.454
  34   86                       -70503.2         Se     0.129     0.204     0.704
  36   72                         -53941         Kr     0.319     0.319     0.709
  36   74                       -62331.8         Kr     0.419     0.419     0.456
  36   76                         -69014         Kr     0.409     0.409     0.424
  36   78                       -74179.6         Kr     0.352     0.352     0.455
  36   80                       -77893.3         Kr     0.265     0.265     0.617
  36   82                       -80590.3         Kr     0.202     0.202     0.777
  36   84                     -82439.335         Kr     0.075     0.149     0.882
  36   86                     -83265.665         Kr     0.000     0.145     1.565
  36   88                       -79691.3         Kr     0.061     0.122     0.775
  36   90                       -74959.2         Kr     0.158     0.158     0.707
  36   92                       -68769.3         Kr     0.181     0.181     0.769
  36   94                         -61348         Kr     0.194     0.194     0.665
  36   96                         -53080         Kr     0.254     0.254     0.554
  38   76                         -54250         Sr     0.443     0.443     0.262
  38   78                         -63174         Sr     0.435     0.435     0.279
  38   80                         -70311         Sr     0.404     0.404     0.386
  38   82                         -76010         Sr     0.290     0.290     0.574
  38   84                       -80649.6         Sr     0.214     0.214     0.793
  38   86                       -84523.2         Sr     0.070     0.140     1.077
  38   88                       -87921.4         Sr     0.000     0.117     1.836
  38   90                       -85948.9         Sr     0.064     0.127     0.832
  38   92                         -82867         Sr     0.124     0.124     0.815
  38   94                       -78845.7         Sr     0.125     0.125     0.837
  38   96                         -72930         Sr     0.170     0.170     0.815
  38   98                         -66426         Sr     0.408     0.408     0.144
  38  100                         -59830         Sr     0.423     0.423     0.130
  38  102                         -52360         Sr     0.407     0.407     0.126
  40   80                         -55520         Zr     0.354     0.354     0.290
  40   82                        -63940#         Zr     0.367     0.367     0.407
  40   84                         -71421         Zr     0.251     0.251     0.540
  40   86                         -77969         Zr     0.110     0.151     0.752
  40   88                         -83628         Zr     0.050     0.185     1.057
  40   90                       -88773.6         Zr     0.000     0.089     2.186
  40   92                       -88459.6         Zr     0.050     0.103     0.934
  40   94                       -87270.9         Zr     0.050     0.090     0.919
  40   96                       -85444.6         Zr     0.080     0.080     1.750
  40   98                         -81293         Zr     0.114     0.114     1.223
  40  100                         -76382         Zr     0.355     0.355     0.213
  40  102                         -71594         Zr     0.427     0.427     0.152
  40  104                         -65730         Zr     0.460     0.460     0.139
  40  106                        -58910#         Zr     0.360     0.360     0.152
  42   84                        -54500#         Mo     0.263     0.263     0.444
  42   86                         -64110         Mo     0.228     0.228     0.567
  42   88                         -72687         Mo     0.100     0.192     0.741
  42   90                         -80173         Mo     0.077     0.154     0.948
  42   92                       -86807.8         Mo     0.050     0.106     1.509
  42   94                       -88412.8         Mo     0.076     0.151     0.871
  42   96                       -88793.6         Mo     0.086     0.172     0.778
  42   98                       -88114.8         Mo     0.084     0.168     0.787
  42  100                       -86189.5         Mo     0.231     0.231     0.536
  42  102                         -83570         Mo     0.311     0.311     0.297
  42  104                         -80356         Mo     0.362     0.362     0.192
  42  106                         -76141         Mo     0.354     0.354     0.172
  42  108                         -70762         Mo     0.380     0.380     0.193
  44   88                        -54400#         Ru     0.214     0.214     0.616
  44   90                         -64884         Ru     0.100     0.192     0.738
  44   92                       -74301.2         Ru     0.086     0.172     0.865
  44   94                         -82584         Ru     0.050     0.131     1.431
  44   96                       -86079.1         Ru     0.078     0.156     0.833
  44   98                         -88225         Ru     0.195     0.195     0.652
  44  100                       -89223.8         Ru     0.215     0.215     0.540
  44  102                       -89102.9         Ru     0.240     0.240     0.475
  44  104                       -88093.7         Ru     0.271     0.271     0.358
  44  106                         -86322         Ru     0.257     0.257     0.270
  44  108                         -83659         Ru     0.292     0.292     0.242
  44  110                         -80071         Ru     0.295     0.295     0.241
  44  112                         -75629         Ru     0.306     0.306     0.237
  44  114                         -70222         Ru     0.362     0.362     0.127
  46   94                         -66101         Pd     0.080     0.173     0.814
  46   96                         -76182         Pd     0.030     0.129     1.415
  46   98                         -81321         Pd     0.080     0.163     0.863
  46  100                         -85227         Pd     0.180     0.180     0.665
  46  102                       -87931.0         Pd     0.196     0.196     0.556
  46  104                       -89395.0         Pd     0.209     0.209     0.556
  46  106                       -89907.4         Pd     0.229     0.229     0.512
  46  108                       -89524.4         Pd     0.243     0.243     0.434
  46  110                       -88331.5         Pd     0.256     0.256     0.374
  46  112                         -86322         Pd     0.220     0.220     0.349
  46  114                         -83491         Pd     0.164     0.164     0.333
  46  116                         -79832         Pd     0.207     0.207     0.341
  46  118                       -75388.9         Pd     0.200     0.200     0.378
  48   98                         -67640         Cd     0.000     0.127     1.395
  48  100                       -74194.6         Cd     0.050     0.162     1.005
  48  102                       -79659.5         Cd     0.141     0.141     0.777
  48  104                       -83968.2         Cd     0.174     0.174     0.658
  48  106                       -87132.0         Cd     0.173     0.173     0.633
  48  108                       -89252.6         Cd     0.175     0.175     0.633
  48  110                       -90348.8         Cd     0.177     0.177     0.658
  48  112                       -90575.8         Cd     0.186     0.186     0.618
  48  114                       -90014.8         Cd     0.190     0.190     0.558
  48  116                      -88712.56         Cd     0.191     0.191     0.513
  48  118                         -86702         Cd     0.190     0.190     0.488
  48  120                         -83957         Cd     0.172     0.172     0.506
  48  122                       -80612.4         Cd     0.090     0.182     0.569
  48  124                       -76701.7         Cd     0.050     0.144     0.613
  48  126                       -72256.8         Cd     0.050     0.124     0.652
  50  102                         -64930         Sn     0.000     0.104     1.472
  50  104                         -71627         Sn     0.050     0.110     1.260
  50  106                         -77354         Sn     0.060     0.119     1.208
  50  108                         -82070         Sn     0.061     0.121     1.206
  50  110                         -85842         Sn     0.082     0.122     1.212
  50  112                       -88656.0         Sn     0.123     0.123     1.257
  50  114                       -90557.3         Sn     0.121     0.121     1.300
  50  116                      -91525.99         Sn     0.112     0.112     1.294
  50  118                       -91652.9         Sn     0.111     0.111     1.230
  50  120                       -91098.6         Sn     0.108     0.108     1.171
  50  122                       -89941.5         Sn     0.104     0.104     1.140
  50  124                       -88234.2         Sn     0.095     0.095     1.132
  50  126                         -86015         Sn     0.083     0.083     1.141
  50  128                         -83362         Sn     0.032     0.064     1.169
  50  130                       -80132.9         Sn     0.000     0.034     1.221
  50  132                       -76543.9         Sn     0.000     0.077     4.041
  50  134                         -66432         Sn     0.000     0.038     0.726
  52  108                         -65782         Te     0.087     0.173     0.625
  52  110                         -72230         Te     0.083     0.165     0.658
  52  112                         -77568         Te     0.079     0.158     0.689
  52  114                         -81889         Te     0.077     0.154     0.709
  52  116                         -85269         Te     0.082     0.163     0.679
  52  118                         -87697         Te     0.086     0.172     0.606
  52  120                         -89368         Te     0.100     0.201     0.560
  52  122                       -90314.4         Te     0.093     0.185     0.564
  52  124                       -90525.3         Te     0.085     0.170     0.603
  52  126                       -90065.3         Te     0.075     0.153     0.666
  52  128                       -88993.7         Te     0.050     0.136     0.743
  52  130                     -87352.947         Te     0.030     0.118     0.839
  52  132                         -85188         Te     0.000     0.098     0.974
  52  134                       -82536.0         Te     0.000     0.069     1.279
  52  136                       -74425.8         Te     0.000     0.074     0.606
  52  138                         -65696         Te     0.045     0.090     0.443
  54  112                         -60026         Xe     0.194     0.194     0.466
  54  114                         -67086         Xe     0.221     0.221     0.450
  54  116                         -73047         Xe     0.249     0.249     0.394
  54  118                         -78079         Xe     0.265     0.265     0.337
  54  120                         -82172         Xe     0.291     0.291     0.322
  54  122                         -85355         Xe     0.259     0.259     0.331
  54  124                       -87661.1         Xe     0.212     0.212     0.354
  54  126                         -89146         Xe     0.188     0.188     0.389
  54  128                       -89860.3         Xe     0.184     0.184     0.443
  54  130                     -89880.462         Xe     0.169     0.169     0.536
  54  132                     -89278.963         Xe     0.070     0.141     0.668
  54  134                       -88124.3         Xe     0.050     0.119     0.847
  54  136                     -86429.152         Xe     0.000     0.122     1.313
  54  138                       -79972.2         Xe     0.050     0.124     0.589
  54  140                       -72986.5         Xe     0.144     0.144     0.377
  54  142                       -65229.6         Xe     0.164     0.164     0.287
  54  144                         -56872         Xe     0.168     0.168     0.253
  56  118                        -62350#         Ba     0.348     0.348     0.194
  56  120                         -68890         Ba     0.351     0.351     0.183
  56  122                         -74609         Ba     0.351     0.351     0.196
  56  124                         -79090         Ba     0.302     0.302     0.230
  56  126                         -82670         Ba     0.273     0.273     0.256
  56  128                         -85379         Ba     0.249     0.249     0.284
  56  130                       -87261.7         Ba     0.218     0.218     0.357
  56  132                       -88435.0         Ba     0.186     0.186     0.465
  56  134                      -88950.05         Ba     0.161     0.161     0.605
  56  136                      -88887.14         Ba     0.060     0.126     0.819
  56  138                      -88261.86         Ba     0.050     0.093     1.436
  56  140                         -83270         Ba     0.060     0.126     0.602
  56  142                         -77843         Ba     0.160     0.160     0.360
  56  144                         -71767         Ba     0.194     0.194     0.199
  56  146                         -64940         Ba     0.218     0.218     0.181
  56  148                         -57590         Ba     0.244     0.244     0.142
  58  124                        -64920#         Ce     0.385     0.385     0.142
  58  126                         -70821         Ce     0.325     0.325     0.170
  58  128                         -75534         Ce     0.298     0.298     0.207
  58  130                         -79423         Ce     0.258     0.258     0.254
  58  132                         -82471         Ce     0.264     0.264     0.326
  58  134                         -84833         Ce     0.195     0.195     0.409
  58  136                       -86508.6         Ce     0.170     0.170     0.552
  58  138                         -87569         Ce     0.050     0.126     0.789
  58  140                       -88079.2         Ce     0.000     0.102     1.596
  58  142                       -84532.7         Ce     0.050     0.128     0.641
  58  144                         -80432         Ce     0.166     0.166     0.397
  58  146                         -75635         Ce     0.193     0.193     0.258
  58  148                         -70398         Ce     0.251     0.251     0.158
  58  150                         -64847         Ce     0.320     0.320     0.097
  58  152                        -59060#         Ce     0.430     0.430     0.082
  60  128                        -60310#         Nd     0.396     0.396     0.134
  60  130                         -66596         Nd     0.370     0.370     0.158
  60  132                         -71426         Nd     0.349     0.349     0.213
  60  134                         -75646         Nd     0.249     0.249     0.294
  60  136                         -79199         Nd     0.210     0.210     0.374
  60  138                         -82018         Nd     0.110     0.110     0.520
  60  140                         -84254         Nd     0.050     0.100     0.774
  60  142                       -85949.9         Nd     0.050     0.092     1.576
  60  144                       -83747.9         Nd     0.060     0.124     0.697
  60  146                       -80925.8         Nd     0.152     0.152     0.454
  60  148                       -77407.8         Nd     0.201     0.201     0.302
  60  150                       -73679.1         Nd     0.285     0.285     0.130
  60  152                         -70149         Nd     0.349     0.349     0.073
  60  154                         -65680         Nd     0.258     0.258     0.071
  60  156                         -60470         Nd     0.267     0.267     0.067
  62  130                        -47510#         Sm     0.392     0.392     0.122
  62  132                        -55080#         Sm     0.380     0.380     0.131
  62  134                        -61380#         Sm     0.366     0.366     0.163
  62  136                         -66811         Sm     0.293     0.293     0.255
  62  138                         -71498         Sm     0.208     0.208     0.347
  62  140                         -75456         Sm     0.179     0.179     0.531
  62  142                         -78987         Sm     0.070     0.144     0.768
  62  144                       -81965.4         Sm     0.050     0.087     1.660
  62  146                         -80996         Sm     0.050     0.083     0.747
  62  148                       -79336.1         Sm     0.142     0.142     0.550
  62  150                       -77050.5         Sm     0.193     0.193     0.334
  62  152                       -74762.0         Sm     0.306     0.306     0.122
  62  154                       -72454.5         Sm     0.341     0.341     0.082
  62  156                         -69363         Sm     0.343     0.343     0.076
  62  158                         -65250         Sm     0.344     0.344     0.073
  62  160                         -60235         Sm     0.345     0.345     0.071
  64  138                        -55660#         Gd     0.258     0.258     0.221
  64  140                         -61782         Gd     0.220     0.220     0.329
  64  142                         -66960         Gd     0.180     0.180     0.515
  64  144                         -71760         Gd     0.085     0.170     0.743
  64  146                         -76086         Gd     0.050     0.130     1.972
  64  148                       -76269.3         Gd     0.080     0.160     0.784
  64  150                         -75764         Gd     0.170     0.170     0.638
  64  152                       -74706.3         Gd     0.206     0.206     0.344
  64  154                       -73705.3         Gd     0.312     0.312     0.123
  64  156                       -72534.3         Gd     0.338     0.338     0.089
  64  158                       -70688.9         Gd     0.348     0.348     0.080
  64  160                       -67940.9         Gd     0.353     0.353     0.075
  64  162                         -64280         Gd     0.360     0.360     0.071
  64  164                        -59770#         Gd     0.349     0.349     0.073
  66  142                        -50120#         Dy     0.180     0.180     0.316
  66  144                         -56570         Dy     0.120     0.120     0.493
  66  146                         -62555         Dy     0.100     0.100     0.683
  66  148                         -67853         Dy     0.050     0.050     1.677
  66  150                         -69309         Dy     0.090     0.090     0.803
  66  152                         -70118         Dy     0.097     0.097     0.614
  66  154                         -70394         Dy     0.237     0.237     0.335
  66  156                       -70528.3         Dy     0.293     0.293     0.138
  66  158                       -70406.2         Dy     0.326     0.326     0.099
  66  160                       -69671.4         Dy     0.339     0.339     0.087
  66  162                       -68180.2         Dy     0.343     0.343     0.081
  66  164                       -65966.7         Dy     0.348     0.348     0.073
  66  166                       -62583.5         Dy     0.339     0.339     0.071
  68  144                        -36610#         Er     0.200     0.200     0.330
  68  146                         -44322         Er     0.180     0.180     0.480
  68  148                         -51479         Er     0.150     0.150     0.647
  68  150                         -57831         Er     0.080     0.080     1.579
  68  152                         -60494         Er     0.120     0.120     0.808
  68  154                         -62605         Er     0.160     0.160     0.560
  68  156                         -64210         Er     0.189     0.189     0.345
  68  158                         -65304         Er     0.255     0.255     0.192
  68  160                         -66064         Er     0.304     0.304     0.126
  68  162                       -66333.2         Er     0.322     0.322     0.102
  68  164                       -65941.6         Er     0.333     0.333     0.091
  68  166                       -64925.6         Er     0.342     0.342     0.081
  68  168                       -62990.7         Er     0.338     0.338     0.080
  68  170                       -60109.1         Er     0.336     0.336     0.079
  68  172                         -56484         Er     0.330     0.330     0.077
  70  152                         -46320         Yb     0.070     0.070     1.531
  70  154                         -49932         Yb     0.090     0.090     0.821
  70  156                         -53258         Yb     0.170     0.170     0.536
  70  158                         -56010         Yb     0.194     0.194     0.358
  70  160                         -58165         Yb     0.230     0.230     0.243
  70  162                         -59827         Yb     0.263     0.263     0.167
  70  164                         -61018         Yb     0.290     0.290     0.123
  70  166                         -61595         Yb     0.315     0.315     0.102
  70  168                       -61581.4         Yb     0.322     0.322     0.088
  70  170                       -60764.7         Yb     0.326     0.326     0.084
  70  172                       -59256.2         Yb     0.330     0.330     0.079
  70  174                       -56945.5         Yb     0.325     0.325     0.076
  70  176                       -53489.7         Yb     0.305     0.305     0.082
  70  178                         -49694         Yb     0.300     0.300     0.084
  72  154                        -32730#         Hf     0.060     0.060     1.513
  72  156                         -37870         Hf     0.090     0.090     0.858
  72  158                         -42103         Hf     0.120     0.120     0.476
  72  160                         -45931         Hf     0.140     0.140     0.390
  72  162                         -49169         Hf     0.157     0.157     0.285
  72  164                         -51818         Hf     0.197     0.197     0.211
  72  166                         -53859         Hf     0.250     0.250     0.159
  72  168                         -55361         Hf     0.275     0.275     0.124
  72  170                         -56254         Hf     0.301     0.301     0.101
  72  172                         -56402         Hf     0.276     0.276     0.095
  72  174                       -55846.7         Hf     0.286     0.286     0.091
  72  176                       -54578.4         Hf     0.295     0.295     0.088
  72  178                       -52437.7         Hf     0.280     0.280     0.093
  72  180                       -49781.8         Hf     0.274     0.274     0.093
  72  182                         -46052         Hf     0.260     0.260     0.098
  72  184                         -41500         Hf     0.240     0.240     0.107
  74  162                         -34000          W     0.180     0.180     0.450
  74  164                         -38228          W     0.200     0.200     0.332
  74  166                         -41888          W     0.230     0.230     0.252
  74  168                         -44893          W     0.232     0.232     0.199
  74  170                         -47290          W     0.240     0.240     0.157
  74  172                         -49097          W     0.284     0.284     0.123
  74  174                         -50227          W     0.251     0.251     0.113
  74  176                         -50642          W     0.265     0.265     0.109
  74  178                         -50409          W     0.251     0.251     0.106
  74  180                       -49638.6          W     0.254     0.254     0.104
  74  182                       -48247.7          W     0.251     0.251     0.100
  74  184                       -45707.6          W     0.236     0.236     0.111
  74  186                       -42510.8          W     0.226     0.226     0.122
  74  188                         -38670          W     0.198     0.198     0.143
  74  190                         -34380          W     0.170     0.170     0.205
  76  164                         -20470         Os     0.160     0.160     0.548
  76  166                         -25437         Os     0.180     0.180     0.431
  76  168                         -29987         Os     0.200     0.200     0.341
  76  170                         -33926         Os     0.210     0.210     0.287
  76  172                         -37244         Os     0.225     0.225     0.228
  76  174                         -39995         Os     0.266     0.266     0.159
  76  176                         -42098         Os     0.218     0.218     0.135
  76  178                         -43544         Os     0.246     0.246     0.132
  76  180                         -44362         Os     0.226     0.226     0.132
  76  182                         -44609         Os     0.234     0.234     0.127
  76  184                       -44256.6         Os     0.213     0.213     0.120
  76  186                       -43002.4         Os     0.200     0.200     0.137
  76  188                       -41139.3         Os     0.186     0.186     0.155
  76  190                       -38709.4         Os     0.178     0.178     0.187
  76  192                       -35883.9         Os     0.167     0.167     0.206
  76  194                       -32437.2         Os     0.160     0.160     0.219
  76  196                         -28280         Os     0.140     0.140     0.300
  78  168                         -11060         Pt     0.120     0.120     0.582
  78  170                         -16305         Pt     0.120     0.120     0.509
  78  172                         -21097         Pt     0.130     0.130     0.457
  78  174                         -25318         Pt     0.160     0.160     0.394
  78  176                         -28934         Pt     0.190     0.190     0.264
  78  178                         -31997         Pt     0.243     0.243     0.170
  78  180                         -34436         Pt     0.256     0.256     0.152
  78  182                         -36168         Pt     0.216     0.216     0.155
  78  184                         -37339         Pt     0.224     0.224     0.163
  78  186                         -37864         Pt     0.198     0.198     0.192
  78  188                         -37829         Pt     0.186     0.186     0.266
  78  190                         -37325         Pt     0.149     0.149     0.296
  78  192                         -36292         Pt     0.153     0.153     0.317
  78  194                       -34762.6         Pt     0.143     0.143     0.328
  78  196                       -32646.9         Pt     0.130     0.130     0.356
  78  198                       -29905.7         Pt     0.114     0.114     0.407
  78  200                         -26601         Pt     0.110     0.110     0.470
  80  176                         -11773         Hg     0.110     0.110     0.613
  80  178                         -16316         Hg     0.110     0.110     0.558
  80  180                         -20250         Hg     0.137     0.137     0.434
  80  182                         -23577         Hg     0.147     0.147     0.352
  80  184                         -26349         Hg     0.160     0.160     0.367
  80  186                         -28539         Hg     0.132     0.132     0.405
  80  188                         -30211         Hg     0.126     0.126     0.413
  80  190                         -31370         Hg     0.120     0.120     0.416
  80  192                         -32011         Hg     0.120     0.120     0.423
  80  194                       -32183.9         Hg     0.120     0.120     0.428
  80  196                       -31826.8         Hg     0.116     0.116     0.426
  80  198                       -30954.8         Hg     0.107     0.107     0.412
  80  200                       -29503.6         Hg     0.098     0.098     0.368
  80  202                       -27345.5         Hg     0.083     0.083     0.440
  80  204                       -24690.2         Hg     0.052     0.069     0.437
  80  206                         -20945         Hg     0.000     0.050     1.069
  82  182                          -6826         Pb     0.000     0.050     0.888
  82  184                         -11052         Pb     0.000     0.050     0.702
  82  186                         -14682         Pb     0.000     0.048     0.662
  82  188                         -17815         Pb     0.000     0.055     0.724
  82  190                         -20416         Pb     0.000     0.060     0.774
  82  192                         -22565         Pb     0.000     0.060     0.854
  82  194                         -24207         Pb     0.000     0.060     0.965
  82  196                         -25361         Pb     0.000     0.060     1.049
  82  198                         -26050         Pb     0.000     0.060     1.064
  82  200                         -26251         Pb     0.000     0.060     1.027
  82  202                         -25940         Pb     0.000     0.050     0.961
  82  204                       -25109.4         Pb     0.000     0.041     0.899
  82  206                       -23785.1         Pb     0.000     0.032     0.803
  82  208                       -21748.1         Pb     0.000     0.000     4.085
  82  210                       -14728.0         Pb     0.000     0.024     0.800
  82  212                        -7547.2         Pb     0.000     0.022     0.805
  82  214                         -180.8         Pb     0.000     0.030     0.836
  84  192                          -8071         Po     0.180     0.180     0.262
  84  194                         -11005         Po     0.179     0.179     0.319
  84  196                         -13483         Po     0.130     0.130     0.463
  84  198                         -15473         Po     0.060     0.120     0.605
  84  200                         -16954         Po     0.000     0.100     0.666
  84  202                         -17924         Po     0.000     0.027     0.677
  84  204                         -18341         Po     0.000     0.024     0.684
  84  206                         -18188         Po     0.000     0.022     0.701
  84  208                       -17469.2         Po     0.000     0.020     0.687
  84  210                       -15952.7         Po     0.000     0.014     1.181
  84  212                       -10369.0         Po     0.000     0.020     0.727
  84  214                        -4469.6         Po     0.000     0.090     0.609
  84  216                         1784.0         Po     0.000     0.090     0.550
  84  218                         8358.8         Po     0.056     0.140     0.511
  86  198                          -1230         Rn     0.130     0.130     0.339
  86  200                          -4014         Rn     0.113     0.113     0.433
  86  202                          -6274         Rn     0.100     0.100     0.504
  86  204                          -7983         Rn     0.120     0.120     0.543
  86  206                          -9115         Rn     0.090     0.090     0.575
  86  208                          -9655         Rn     0.090     0.090     0.636
  86  210                          -9605         Rn     0.044     0.087     0.644
  86  212                          -8659         Rn     0.000     0.060     1.273
  86  214                          -4319         Rn     0.000     0.082     0.695
  86  216                            253         Rn     0.045     0.090     0.462
  86  218                         5217.8         Rn     0.110     0.110     0.324
  86  220                        10613.6         Rn     0.127     0.127     0.241
  86  222                        16374.0         Rn     0.142     0.142     0.186
  88  206                           3566         Ra     0.100     0.100     0.474
  88  208                           1715         Ra     0.100     0.100     0.520
  88  210                            460         Ra     0.090     0.090     0.603
  88  212                           -199         Ra     0.080     0.088     0.629
  88  214                             93         Ra     0.030     0.055     1.382
  88  216                           3291         Ra     0.040     0.077     0.688
  88  218                           6651         Ra     0.095     0.095     0.389
  88  220                          10271         Ra     0.160     0.160     0.178
  88  222                          14322         Ra     0.192     0.192     0.111
  88  224                        18827.3         Ra     0.179     0.179     0.084
  88  226                        23669.6         Ra     0.202     0.202     0.068
  88  228                        28942.2         Ra     0.217     0.217     0.064
  88  230                          34516         Ra     0.230     0.230     0.057
  90  216                          10299         Th     0.056     0.056     1.478
  90  218                          12367         Th     0.081     0.081     0.690
  90  220                          14669         Th     0.110     0.110     0.373
  90  222                          17203         Th     0.153     0.153     0.183
  90  224                          19994         Th     0.174     0.174     0.098
  90  226                          23197         Th     0.228     0.228     0.072
  90  228                        26772.3         Th     0.230     0.230     0.058
  90  230                        30864.2         Th     0.244     0.244     0.053
  90  232                        35448.7         Th     0.261     0.261     0.049
  90  234                          40614         Th     0.241     0.241     0.050
  92  226                          27329          U     0.230     0.230     0.081
  92  228                          29222          U     0.260     0.260     0.059
  92  230                          31615          U     0.262     0.262     0.052
  92  232                        34610.9          U     0.264     0.264     0.048
  92  234                        38146.8          U     0.272     0.272     0.043
  92  236                        42446.5          U     0.282     0.282     0.045
  92  238                        47309.1          U     0.286     0.286     0.045
  92  240                          52716          U     0.284     0.284     0.045
  94  236                        42902.9         Pu     0.286     0.286     0.045
  94  238                        46164.9         Pu     0.286     0.286     0.044
  94  240                        50127.2         Pu     0.289     0.289     0.043
  94  242                        54718.6         Pu     0.292     0.292     0.045
  94  244                          59807         Pu     0.293     0.293     0.046
  94  246                          65396         Pu     0.295     0.295     0.044
  96  238                          49445         Cm     0.311     0.311     0.035
  96  240                        51725.6         Cm     0.297     0.297     0.038
  96  242                        54805.4         Cm     0.297     0.297     0.042
  96  244                        58453.8         Cm     0.297     0.297     0.043
  96  246                        62618.6         Cm     0.298     0.298     0.043
  96  248                          67393         Cm     0.297     0.297     0.043
  96  250                          72990         Cm     0.297     0.297     0.043
  98  244                        61479.4         Cf     0.313     0.313     0.040
  98  246                        64091.9         Cf     0.310     0.310     0.041
  98  248                          67240         Cf     0.310     0.310     0.042
  98  250                        71172.0         Cf     0.299     0.299     0.043
  98  252                          76035         Cf     0.304     0.304     0.046
 100  248                          71899         Fm     0.300     0.300     0.044
 100  250                          74073         Fm     0.300     0.300     0.044
 100  252                          76818         Fm     0.293     0.293     0.047
 100  254                        80904.4         Fm     0.296     0.296     0.045
 100  256                          85487         Fm     0.286     0.286     0.048